+024.562
+024.500
+024.500
+024.500
+024.500
+024.562
+024.562
+024.562
+024.562
+024.562
+024.562
+024.562
+024.562
+024.562
+024.562
+024.562
+024.562
+024.562
+024.562
+024.562
+024.562
+024.562
+024.562
+024.562
+024.562
+024.562
+024.562
+024.562
+024.562
+024.562
+024.562
+024.562
+024.562
+024.562
+024.562
+024.562
+024.625
+024.625
+024.562
+024.625
+024.625
+024.562
+024.625
+024.562
+024.625
+024.562
+024.625
+024.625
+024.625
+024.625
+024.625
+024.625
+024.625
+024.625
+024.625
+024.625
+024.625
+024.625
+024.625
+024.625
+024.625
+024.625
+024.625
+024.625
+024.625
+024.625
+024.625
+024.625
+024.625
+024.687
+024.750
+024.812
+024.937
+024.937
+024.937
+024.875
+024.875
+024.875
+024.875
+024.875
+024.875
+024.812
+024.812
+024.812
+024.812
+024.812
+024.812
+024.812
+024.750
+024.750
+024.750
+024.750
+024.750
+024.750
+024.750
+024.750
+024.750
+024.750
+024.750
+024.750

